290.357209972102 -3.78602508062429 37.5471699208365 28.1274419176657 -15.5719130672508 19.6732376395229 26.3160260203973 22.3659009089865 11.1623830966151 20.485174519552 -2.67615775763077 19.7310461887371 -24.3389454137682 27.7773228894593 -2.99585079816534 0.631450788545485 -17.0223240954454 -28.9625656024464 -4.11888305942774 11.0652559063915 -15.9987409657384 15.2096417659535 19.6175853925033 7.02080033928488 -1.35203269669595 -32.1775321876086 8.35145722768652 -27.1900329415641 29.0304210556301 0.269912360809029 4.39012691051993 22.2179410001005 4.73382992138169 -33.1012179361362 6.34141978869934 0.251158466531261 -18.0567606202531 4.95271881769207 0.594200775587424 18.2338642127869 7.61980159520887 -13.0619583203652 -4.20554097431669 -7.48672249794546 -10.1560159810467 35.9864416633562 -23.0761144809436 0.857575936585668 24.6665839114121 -22.1543248641191 -29.6989773948033 20.7261503851237 -30.1712102389424 13.846460866745 37.3126564127859 22.3128820972484 34.1975435278836 4.24519043036745 -14.95590811417 -4.52143294766221 -16.3354216724213 -14.580422846517 1.52511712329407 6.14298945751694 -2.5245985459728 -7.58819733602972 4.80043517812553 -23.3954642963162 -8.77161639992723 8.16183599770082 22.2225383718987 -29.2744912413746 21.040556523832 -11.141319281072 -8.40846237264114 29.228247314005 15.5039495366253 -11.9578809901305 2.33312285322563 -28.6383666769478 15.4485399792573 14.9412661332199 -9.26231482691043 -17.2769404796186 18.8646411548899 -25.690344303884 -33.705457868151 4.30746340200317 -4.10091055460908 5.51308364562322 14.0672099417474 3.98560408308588 -15.7509696629123 -2.77357320490828 -4.34740537316296 14.2980879782697 -0.633758981903317 15.0081942173098 8.46111039694943 -20.849041477495
-3.78602508062429 260.02665759233 -2.9404442105074 1.3987019910857 -31.5684500101376 3.90039153389558 -27.8584542696807 -4.87344656779683 -12.2520734728849 -15.1409516278264 -1.60275087558321 -8.61229870979379 4.90432758841527 -26.3130607590114 13.8309716456126 29.3661836689035 -18.8418124290302 -4.76930125886588 2.01203095631801 6.61088961805598 15.2493285110497 1.93509459415633 9.30249897939123 4.36776196835026 13.5296455155721 -1.83285211868883 0.903915177128863 -0.869343857558367 17.9961588645017 -14.7009133791981 1.49829093788192 2.37037306493831 -9.6555911682657 -6.48588382326516 2.97409182543193 -9.06883742441508 30.8128536640028 -6.5572492889638 12.0564448250262 -14.7232934199868 -11.9814730180186 3.47295826376833 -7.32184094034239 -0.668090472123442 29.927018831942 19.8935600517379 8.58457325269971 22.0827844087054 19.8665517002328 -6.87903631894178 9.27437978342025 5.28439696721387 -0.329315609797337 9.39122575916798 29.5833724173437 -27.4422566861248 27.4083301724866 -25.0520223931977 -26.5361572980015 -15.8839039037055 -3.61753495815258 13.99563366047 -7.27024525154673 16.5683273473248 -27.5680137384746 11.6134223422392 17.7430397937885 -15.9969676165177 22.2630267397481 -21.3462437199938 -9.77560624525259 4.85950178881906 -16.3995941455937 15.3542461375443 3.24866550751382 12.1679184297013 13.7374414562088 10.9240841750239 9.7073321033799 8.15428826294232 -19.4647180164277 15.2690788730955 -10.3655953677506 12.3609495106219 4.30468703428986 7.32932023123573 21.0062967533372 29.5866661147724 -5.14443750746983 -8.30984880525662 -17.2791730111712 21.4838239017973 -16.262294557837 -12.76991129576 9.55522905264769 6.59418565886965 8.27410765460657 16.1228047875374 -14.0005291858443 1.89196392433174
37.5471699208365 -2.9404442105074 295.792465003646 -17.502129658431 14.934022209724 19.206332147728 -21.5412963332731 8.71684015342346 8.90773372666094 -17.5371690847428 -12.5251076409336 8.26057207028299 -8.88881064197952 7.3968611455664 5.29301297963913 -6.02558246715278 -4.25801963655457 -13.8718027368878 0.18424788009645 0.417469716410372 -3.28111068120109 20.4659087875516 20.3460122556267 6.58873163252718 15.0107792553865 19.6219146956318 4.54023623803052 4.71571035631835 -7.50160365623334 2.01060033959192 30.0813248552331 -4.77143043837674 -12.4368194342402 -2.87543878179088 -0.0241210562800964 25.6157870987935 -10.2699425531321 3.93847488961508 -5.45865361350332 16.6179950565817 -39.2272425272009 5.23585314619945 -5.09276455720367 13.3419128308876 5.75665973080967 12.7456364188038 9.13522337779157 -8.48413123914334 -17.7026835899421 16.9508954271237 -4.16632734962666 26.9128065626982 -29.6904957974436 1.59408946515903 -4.95592161391346 3.23690138067698 0.498814809585625 16.9829274286313 -16.1045344661438 -3.90367082870684 -4.08116450863795 12.6514516376027 18.9820080456208 4.88892610409142 14.7891965266785 -0.481956021422729 4.8605990020405 2.9783266062514 -13.9364283974662 -14.4629373873542 22.5445762842892 -8.35803690500007 -17.1706014591526 -40.6267777711951 -29.4262814641763 8.1618538528917 42.7924752066469 6.47716806099694 7.94588132374321 -23.5319725675834 -11.945398330431 12.3567765870211 3.18056683916973 7.13239116651936 6.0441934358033 -2.73907557383417 3.97489100491671 10.394860619189 -7.91592300185942 -6.06896173911139 -6.53206971721615 7.92799384096279 1.2148555069168 -15.4830646688093 6.88179372417843 5.7517665772985 0.312504949044934 4.92758132972056 22.1720741520574 -39.8003909969692
28.1274419176657 1.3987019910857 -17.502129658431 295.630174006338 -6.22193373011841 4.52714321046773 -3.5095872350565 6.67386374083805 11.7038132806072 -10.9027396934679 11.9423662099037 -9.19460155234821 -5.33494160172554 11.2043850138996 -19.772345888817 6.49548619513421 -3.34331036922153 -12.2801084425566 24.4964820171209 22.4893191139714 -10.6918077631679 -20.4080166803925 -2.37244491579131 20.2765724627251 5.57117056748411 -3.39262533376398 16.3488814005176 -18.1177401227656 -48.3160639643397 -26.4510518966642 17.7398962071138 17.8297405637686 -15.615517565375 21.3577627176463 13.734599238718 26.220261224665 9.59951177512441 20.2224521173656 -8.03222826260029 -28.3236584567642 34.7051613523361 -15.7055868769498 43.4867866613887 20.0106558464985 12.396361919522 39.0382670334347 26.111004562529 5.00487219459188 -1.13513650738569 -12.5707368323681 10.1090132936001 -5.46268288491556 25.1218615700723 26.4997472815073 1.63118612332639 20.5519568721086 -6.44943158816282 26.1199865834538 6.49699601882418 -23.9403473013191 -2.34502945270577 -5.02790780142951 -10.9244242299365 -3.08374153399525 20.6792255886063 -5.84534008599896 -17.7141767575555 8.41804021005705 -0.874093822445175 -10.095084801061 -22.5856571202718 0.369257225935784 20.6340755928115 6.97564073103233 -9.56366013344303 -11.1482877084676 -18.3026062928771 -16.6970387185788 -16.2614512581926 -23.4974463181183 -8.59240566011617 -26.6498000524509 6.46411757839099 36.9054389164832 0.337349963723788 -21.3605285997258 -5.1348897680763 15.2817784103992 9.14833661894378 8.98741759090069 -6.80419975358378 -24.3012660280007 -8.56876343437777 20.2445905573731 -14.5940988863945 -17.2700384756156 8.02962631878182 20.899185847727 -21.3463916192559 -0.965912641121173
-15.5719130672508 -31.5684500101376 14.934022209724 -6.22193373011841 320.637987545484 43.1863760264771 -9.5635416282073 9.66120225587688 7.25856171668377 -6.1143840103711 -24.0777859036231 9.1714058429906 -15.1638933243295 -0.631432140130879 22.3662553688311 -14.2735595982391 28.1748073243443 -4.50070435175035 -18.1680100898996 -11.2242736475205 -10.5256907977122 5.48289405761567 -2.57213476151171 -21.1516306648205 -22.5724334650863 11.7327337906373 18.1519942232457 -13.48244044987 -21.0533775852636 -16.0717899233534 0.991457510564908 -12.9331413455085 27.8281014940243 17.4907047952785 -7.54083531420651 8.13466679523914 -1.33165244653205 5.72810574489356 -9.05179838436842 2.7017684530496 27.1749993309736 -11.7224255261242 -9.55580988120504 -29.4595619307861 -12.5650391281925 2.61735176283622 -8.24613748949884 -8.82169604942887 0.34855748348076 -0.505143510208749 -4.73162345362707 12.1086576236694 11.5639301642731 23.3783217723263 -26.7534519005061 -2.9172186266875 -7.77686210403396 -17.4417225437487 -6.3291188454563 -1.26925170495851 0.429838263924492 -8.11375894810711 -33.3046814001501 24.2147891420454 14.6214500617271 18.7505564798325 30.223843055396 -9.46271633408656 15.2055206298329 10.7284647527032 14.74771819395 -52.17914718925 27.8569708623241 -2.76337636903054 11.6167779614238 37.620065292182 30.0530437411553 -1.15763338727058 22.6086486284505 -26.4047402470583 -28.6049975433642 -9.80737290475328 -13.3382929453684 8.12277303095715 -7.95255094091424 20.1169328697445 -15.3992461621786 24.9541644180813 24.6913049660441 -4.33144271412745 -5.73332002391039 -21.9378591910183 -43.2708079783169 -9.92233740091711 -5.30167525453268 18.9573938347727 -10.7337026724505 -47.7727211238671 1.72125505336586 16.4950626601449
19.6732376395229 3.90039153389558 19.206332147728 4.52714321046773 43.1863760264771 301.524530348962 -4.56474043459843 22.5649337968677 3.29610900467914 -8.08486608578542 -29.4369446824143 -1.30561531652865 6.1893112706582 -4.34806846914485 -3.22383935253383 11.4245428948538 2.82862761132009 -33.6125059466817 -5.0664190690023 8.44389627118366 5.65872979880878 32.6357394254784 -12.6760696556213 -4.54031687696453 6.17439499581256 2.47377379974855 4.95416701668929 14.2970544854453 1.23041745003585 29.5201136175652 2.10348628294748 30.5860392629434 12.4520386197542 25.420234824059 18.3580417727978 -17.8126064163319 13.0674339211835 -2.55010904349414 18.1545864860228 -11.2517775135511 5.28455341420959 -33.9669902973836 32.1630745259249 -48.6637174928671 26.2096206088889 -30.0511281945649 4.77500713914954 13.9742531650129 -24.631251928755 18.4762344567455 -0.0956832496980162 20.4906079249339 19.4244942399825 20.4514878339557 7.36122573270487 26.6025224862557 -13.1515038096277 1.10043263105366 14.5139757554957 5.89898725176499 5.43103520759518 -5.36204029828763 -28.6821846070505 -11.4076455806104 3.86411875085538 5.80314032257034 6.94970411873546 3.72307518753786 10.1416839900932 -5.5975364565831 6.54360687206697 6.25586671537143 0.556310699763746 -4.89520682904361 3.29091312171709 18.9394013384695 -18.126031282147 -7.86406172420439 17.3679716777539 2.86434339230964 -25.5075345955801 32.2682420053767 11.5109126138654 -4.17598044044521 -16.3298753224851 3.26474923326591 -28.3694148545854 43.3343920275288 28.2608966122598 13.0671587369396 14.1101560945829 18.5769790687593 7.40226150642556 5.20422857557131 -3.85084841592973 -16.459093541653 -16.854909211157 4.88892621086163 29.9248441126902 15.6807562255218
26.3160260203973 -27.8584542696807 -21.5412963332731 -3.5095872350565 -9.5635416282073 -4.56474043459843 286.734931963629 -5.67641825761845 -0.499013691407765 3.66659044406531 20.884414073073 -37.7991608339426 -3.66555135610521 -16.0946884210681 -8.34029134579447 -29.7584420436522 10.0105971826368 -13.7607855173628 -10.5602248824122 24.2876760762175 19.4452771061497 1.3499843976975 20.0377755196281 3.8278219782538 -6.7947231680028 13.2103746379954 8.47674026505063 -14.6812454168294 4.42052149769014 -16.8243938321668 -5.14354088961349 30.0860618010033 -5.27459145604981 27.4666666820335 -26.4609550762393 -6.92753632368476 -1.22379037026051 2.15635979362541 8.38313089122974 5.07160811198639 16.5227897658049 -6.19821741792634 18.0594176220913 -34.7671074203893 -35.442343572409 -24.4031633824195 3.91831730305669 -10.3329592546237 -7.70767134763884 -29.1882654232133 -13.597665196283 25.9836405397229 -5.94489691075199 -10.7575492131332 -14.1226436695446 6.90044652019458 -17.3222020914398 -7.58559588089656 1.8650731977842 -4.74596231713052 -4.62792536339768 -1.66604254924384 2.97482563545159 -2.29746221802294 -4.60479552330591 18.9802737493407 0.17427145817274 2.53111424692484 2.36380403220868 7.51238544066135 -13.8700603959162 -7.50252172506026 -14.7554483497139 -43.1000141049757 -5.06058219088901 20.8218925188995 31.6779270968986 15.8262702581708 0.644895992490228 -43.9359944021585 30.7584706503768 -15.6824599726119 -1.38422774501497 -1.16254887448858 12.3642647710349 -10.1293450734023 -16.9052668640178 0.254575981594572 17.4893191367411 -22.7653024542144 7.88874268994934 6.00262798554033 28.7327234482091 -15.0759844361831 -24.758929140973 16.0271419450374 19.0209646226894 -32.2708505916969 2.84817129462966 18.8301274154161
22.3659009089865 -4.87344656779683 8.71684015342346 6.67386374083805 9.66120225587688 22.5649337968677 -5.67641825761845 322.299473070138 -0.0207902163484839 12.3860199291777 -33.6197146418118 -11.8173272707937 15.097325087975 -14.5309999953672 18.9368410331686 -21.1512084091023 -1.9259055257786 4.83714099268382 14.4386136242831 -6.01331389396332 -0.609680366496794 12.8962562059908 7.73273799799308 28.6246102184283 5.57468457033783 -44.007268502842 19.4887917577664 -7.05393209799749 11.8621045940423 -30.7080445556764 11.547688213672 3.10829737630419 11.1617479380862 7.11364432197892 -3.88588913199053 6.58493572437269 18.7625686405252 -11.2569053894013 -13.3162861480045 2.7485264957355 -21.8196647596074 6.78609637530298 10.3971855268328 -7.78771416749304 -9.66017979261956 -25.039147084954 -7.75272731290845 6.74386472367406 -4.92596854551448 23.3244987111305 -2.86016426473433 -7.21088098709664 -24.0105902020054 9.31930154900942 12.0091706268456 18.3065689790637 8.81645202199352 6.0171826548671 -24.2077773456433 16.854871726348 -4.82617204564799 -2.72707037096346 19.380264922714 -29.4194338775071 9.60935024050286 -11.0641754171927 11.2175048238419 14.2502806873883 -18.830882403703 7.24538917583188 -12.946847061556 -4.88898958207759 -6.79090445496991 18.9119182051858 11.6319374739543 -22.2592811803728 -3.50579687102289 -46.0667906527968 -27.6881136305995 3.45936078985459 12.9828269896554 -11.4341289672025 12.9455508680686 -25.0540070527857 19.3228156495209 13.7643536045433 1.49134993429197 13.3780726849429 -3.61268289763058 5.20023087952281 13.8128852190021 -6.26319911216626 -1.53938979829489 -19.602163918054 9.92890668396891 17.8284490242443 -27.1471618675518 -18.5072316141324 -19.8380357296882 -2.0425075124009
11.1623830966151 -12.2520734728849 8.90773372666094 11.7038132806072 7.25856171668377 3.29610900467914 -0.499013691407765 -0.0207902163484839 296.529910075555 -4.92185873421017 -9.26393065241749 2.67318310082984 -36.56155547487 16.5145048820839 0.0809679274896553 8.33861837434961 -10.4991253849848 1.77221865215824 8.63454598683409 -25.8968921662089 6.88864287091363 -18.0747837271171 -3.73347072470032 -15.3734769201615 8.34253020640822 -9.26335107562597 25.2220475557461 20.8529716850014 -31.1474878933823 8.25644216237517 25.7557198910938 18.8189415206948 7.21436358050819 -20.1167820665019 -16.9694359499662 5.48982402070228 -26.4847897992384 15.536127852189 -28.2053333966 -11.6397059460008 33.1522537374097 -4.86944828940376 -5.77652024192362 -20.6365622037883 -1.94024143164741 -1.08185903114225 -6.32324246944977 2.54998229093302 4.96481631984111 -1.15481836960831 10.9328652946495 5.60643942062101 -25.2133454591475 21.5109892189461 -13.0414295418229 -21.6929329634881 -1.31727456807237 9.51441566878851 19.021789665355 -9.18595028247178 24.8357302325592 23.4373492892335 20.1247526776105 -22.3291412910564 -8.8201978031409 8.98167865302178 14.8999003110492 -0.530198369996868 -10.8348516704253 11.1093762234636 0.0472356614113423 -0.279057154470461 9.67425088062433 7.21596940608654 -0.991266770492112 5.5626457356044 -21.3586491706823 -7.07649062908864 -3.41726953419812 18.8602135321429 10.877424160884 3.34282960369925 19.1340725633361 -1.42696256053566 -8.73623311334014 14.4245337823119 -10.5811347606609 -12.4259747863839 -43.6115908840872 -19.6579118159407 9.16278665664111 28.4165158198411 0.104632722244634 -0.684348985572802 -36.5913715616198 -5.02155477571178 7.1674409872941 -16.5726404895758 -3.71067196066486 19.2559854683238
20.485174519552 -15.1409516278264 -17.5371690847428 -10.9027396934679 -6.1143840103711 -8.08486608578542 3.66659044406531 12.3860199291777 -4.92185873421017 325.258013299778 -42.4277493019615 0.639398581198487 13.6358325358509 30.1353550644593 25.2000982095332 -1.4434688170357 2.88678803016038 32.6565837156943 -6.32201355367629 -13.4682600519705 -7.73740762119558 13.9753504880607 21.0953819817286 2.66522995411519 -15.3332551313187 -22.8845821297115 26.1192689914392 -19.1718852860867 -12.9419384101871 0.26189481439437 4.26710201922611 -11.6501512334219 -26.2094407902543 19.8846166213702 -11.1325628401456 -14.2017241359346 49.368943881105 -3.52730575927525 14.6352474611587 -10.0038613847708 -23.6967128904677 -26.5506519596366 -7.56275272628154 -12.8301456366356 -6.58900113600606 -8.0808990025139 8.0745843740749 -5.71421291438444 -4.83710421901553 -29.7477802122239 -3.37806324816931 -6.92112277158391 -17.7795247629897 10.2969956031433 6.67498906592887 29.0954940561358 -1.67645043638898 4.3443154034148 -9.3149979047791 -14.4487889627786 -30.5104659149572 3.17239525617289 -3.12755182193174 -21.7995389020346 11.6603259452444 -4.70620143336523 9.13358915293271 9.0523891316677 1.03816031038677 8.04200509955863 -74.9287410657373 21.1536723627551 -12.364762312157 -20.6353300516306 6.78166983515025 1.97986512638867 6.46185734877504 -24.6243123627937 -10.4428171736932 -2.42240068648255 1.86425332148859 11.6550305637805 -43.0572464363973 -23.5352704638793 2.766332520111 -9.76141808977072 -6.51288017105127 -18.5051206867175 25.9571501485292 8.72629666735162 -10.8651824078631 -4.38249950356478 -8.95720570676276 0.766308415520547 20.3145198265235 -21.5193234390207 -0.122307882360865 10.5091707186076 -15.1280323767569 -10.8249728452004
-2.67615775763077 -1.60275087558321 -12.5251076409336 11.9423662099037 -24.0777859036231 -29.4369446824143 20.884414073073 -33.6197146418118 -9.26393065241749 -42.4277493019615 291.321798819488 -16.2968258780617 -0.346637502717849 -0.583684783371372 -19.9629737493764 9.21337865550378 -3.82616468052266 -9.8992633962419 17.8167730284931 28.327194599528 2.42303670893877 7.52344854409774 -24.9869537729236 -3.71558682394317 12.3232039690406 -32.8332878313789 -5.18528564873615 7.18666931617898 15.6143802009554 -5.97338593986468 -25.1327456262939 5.75263603853382 9.72096726418088 -1.20396559272812 1.41853554755421 -8.10060896436475 -12.5565981300908 15.8584534415988 -5.53385968743052 6.8540275415408 -16.1772559601259 -9.13660139329001 -3.60146694648997 -9.25852991272034 21.6459158832747 56.5031440941778 16.7545793766374 26.6531647004765 10.7630311552111 -13.103548685654 17.4787974926086 -7.52790984359379 29.2488983745498 -6.0941389597763 -18.9651069692739 9.04586138236917 35.2973379915361 18.9912679666763 10.2380118471713 2.52635231112034 9.09241518397644 -15.6764184719289 26.3482501758607 -3.34862539247249 -20.5578702387953 2.81503845176177 -23.3011423713656 -32.7292957330443 3.81629271570761 17.442512661341 8.40360521098327 -19.0506713372138 -24.4934792796286 -12.4063943907556 -24.9467194768526 -15.757116227991 11.5969018934284 10.3917649700448 -18.6944933883062 -32.1918197488944 3.13762816754133 -25.4815618676578 -27.1007267392438 20.4938879403858 -5.46595676488005 -21.3576989767045 -2.86802693735641 -2.94697129235203 -3.68483010311895 -1.17829580421619 -8.89493420047343 -21.5991020655724 2.33300676068087 6.07534118795285 -22.3220792701828 -3.62640245794811 1.31835662015947 1.95233790618227 7.70457164119517 -0.631042394709512
19.7310461887371 -8.61229870979379 8.26057207028299 -9.19460155234821 9.1714058429906 -1.30561531652865 -37.7991608339426 -11.8173272707937 2.67318310082984 0.639398581198487 -16.2968258780617 282.727719460705 9.78309068171098 40.5026440794431 -26.4953133572369 -1.55834231863431 -2.25359458768921 -43.977595100249 -1.71058470643241 14.7587160854199 10.2556207390624 0.896739692960257 -5.2582161731795 -2.07121296810973 -22.9829928161564 10.9017490557583 -16.2061937024248 -25.7123238983589 11.8056740321789 -0.208332628241799 8.7584653640647 -28.6933895945348 -17.81515974625 -4.1639675948007 -10.693170163698 6.13083114449595 -14.125127880976 37.4905906564565 6.4506992613633 14.2613160322543 11.6484420150339 42.4811831698026 10.3310380471654 41.0694432194312 4.63703552694518 6.15512502283994 8.58765140696737 8.68206862293576 -11.0494593448144 -1.99354231417416 -10.985335512795 2.3681383588586 -1.17151985676606 -8.7066121838089 19.7625055062602 -19.9535078798159 -21.7203033273388 8.17488581414242 11.8675759857291 5.16525438987702 -6.64572333134126 1.38269899810377 -22.6332101150891 -0.00981921415368481 17.4870358528016 25.7055581900253 -13.5278005264358 -7.41958263557852 -9.36623756579707 -7.70163137195909 40.0355179574016 -49.2429298441554 -10.318063619859 17.6960229589397 0.247064216257791 35.0640740375111 -1.56178108913081 7.29781568349003 3.08434935496767 24.5904170653812 -4.05671160113453 33.8201562395658 19.3115216689928 17.1747384580301 -7.61283490804916 1.27625207386635 23.5643138561567 -14.4997172130209 7.82572178043989 45.7514118283663 16.4536418847925 2.80045521781104 2.46725437403597 18.7236631011371 2.71469693874681 -4.808759606613 9.09402730015123 7.20026489353768 8.3741179884406 -1.62252424876463
-24.3389454137682 4.90432758841527 -8.88881064197952 -5.33494160172554 -15.1638933243295 6.1893112706582 -3.66555135610521 15.097325087975 -36.56155547487 13.6358325358509 -0.346637502717849 9.78309068171098 297.844529484757 5.56764211939817 -22.0728174291975 -15.996400757023 19.8327287257541 10.896347425463 -9.86188720479827 -3.25653777775002 -15.2891529100742 -7.56980081963259 37.2408403675584 -8.7398116203047 -19.9555072613939 -13.9064596711788 -3.80879458636792 21.0884567885336 -31.7859892331323 -3.05269639160209 21.5341612513064 4.74950592069371 -63.4696556944719 34.0563098256839 -9.207321613179 -0.98457756379646 1.62893136188035 9.84556276252847 8.73548066154847 -15.7168666935512 -2.48853323079515 -27.1486068264795 20.1052941688825 14.6659665691662 7.97740542763579 -8.81044120652644 29.1794795145634 2.97890024336206 -5.64497605492537 -10.0905407251946 19.757664751309 -9.12708933486484 -14.6767773699507 -29.4092888401691 16.8903594077275 11.7483097465724 -14.0122387942959 -14.490675037254 -19.0329342773541 39.4217074643019 -31.9450749863902 -10.4843557763291 3.26451108485146 19.5856127406111 36.8760965182143 9.77330200970088 0.745317145677733 4.77420720895233 21.3012641947629 1.48196556203992 -0.95636236628835 44.0178223469618 -22.3454384420207 5.52369510743166 3.69771372313414 -40.9930059685415 -9.81341592031517 11.8721453092861 1.18662632255973 13.1360947876282 20.3773010011694 -19.1426839124516 -10.2466975029411 12.2738170367336 -26.4258760368473 5.28982776858591 54.7892042814486 36.4319480969837 6.16911302014904 -4.46401027183676 4.51594463755374 14.7366808634656 12.8836423778317 26.5032472759748 -6.59019739122403 2.01349578127617 13.8530758144134 11.5082358889223 -20.8894294507718 13.1161407915565
27.7773228894593 -26.3130607590114 7.3968611455664 11.2043850138996 -0.631432140130879 -4.34806846914485 -16.0946884210681 -14.5309999953672 16.5145048820839 30.1353550644593 -0.583684783371372 40.5026440794431 5.56764211939817 300.595960192835 -23.371904749316 2.75921237340523 1.19101772024958 15.639599980977 20.1819287775869 -8.38082171768385 -11.4375302421395 1.59817285283164 -15.8165422105076 9.64427701484322 -24.4490075384308 -38.9752085979824 7.10471505483826 44.203875450616 3.87404680307745 24.7640903309312 6.28338552183896 9.29595614919662 -8.77548018715649 0.219835480205778 13.1335795727866 11.3827610935557 4.46197938264221 -0.0308637653460124 19.422155875682 19.4508067654953 11.5353656537546 6.13402581223244 -8.2743308992249 2.44183849027938 -2.25328420786643 9.73500662450665 -24.4929544529856 -3.96234565765767 16.2975500425249 4.40035145219955 -18.9579244554309 24.0541469469711 -13.7607117523042 2.5963479205899 3.224227507698 -20.2924506152322 13.5560634742694 -12.1603670729679 17.7289833930696 -6.01592085627721 27.4594724167843 9.09486783045512 -16.8671543939983 -8.90335061359639 30.1634668819925 8.21165000147715 0.11784587391293 2.10664558191284 28.7199557760794 11.4235367657286 12.8635474455031 21.3977271408708 14.7870935814373 6.83261524802706 13.1243297901981 13.7831275200547 -10.9314918836071 -25.5851198849913 -27.7242272819946 15.968628396223 33.9055609304279 23.8681659130776 11.4032264053491 -0.421417907128966 12.6631941623233 14.6952614802638 -22.5340985044699 -40.772212458239 14.2458459382303 19.4769939401731 -23.2562322142775 19.1826557681523 -32.8500531818525 15.4493544020169 8.64983198680236 -2.71281630779435 -4.91060253684346 27.385033416819 26.2931815483039 12.8432940281632
-2.99585079816534 13.8309716456126 5.29301297963913 -19.772345888817 22.3662553688311 -3.22383935253383 -8.34029134579447 18.9368410331686 0.0809679274896553 25.2000982095332 -19.9629737493764 -26.4953133572369 -22.0728174291975 -23.371904749316 319.698168850175 -1.117575524372 -16.3670160092266 6.91572876776267 19.6494115658932 25.8068912050056 -7.79905045706489 -10.0880855636877 -3.3510819865259 -9.90494509987788 1.14835341514642 10.359134030714 1.91232605580981 -23.406110290964 26.4448424190078 4.6285416231626 36.3246814816849 -46.2801832510025 18.2690042071331 3.36551440189777 -6.84004888853684 4.16462376455836 1.04302837947655 25.2774307686709 12.5034783125136 3.64308864928627 -9.14532943787087 -0.654726647906342 -23.2163278901694 26.3028598440693 -6.71359842949345 -6.51532772075093 -14.5496500075571 -51.5508748664722 -0.739667765349845 16.2847340007435 30.4058662359792 15.162000951111 -13.6533233060764 14.8014557331153 4.43534784265859 22.6721543637645 -1.29791570621606 12.9538941881967 -11.1750307445663 9.19041497514974 -3.62586818011351 -12.7407526701043 -11.601743107008 24.1216918117276 1.28432659014277 4.54119888259182 -1.2201708734975 12.5310240741645 -12.4875352356222 24.6690983892544 9.74150772985553 6.4848298554583 -21.8052120578086 -0.137714725717933 31.3493262599196 0.547567889079234 -21.3830741486674 38.506533714236 -5.27505586461977 -7.716239497444 8.11537106225949 -19.8944096619195 -27.298328134861 3.81252410376541 14.6405371779604 11.8602364070211 0.0202345346182078 31.1767754368376 -4.65854201100273 -22.0008366268482 13.0411265653741 -2.24199846245944 10.2319664299443 -0.832506446362706 35.1098840234065 -1.8325167351022 -11.4822519862868 -14.7090651013072 -4.18196940476585 -21.7228343343777
0.631450788545485 29.3661836689035 -6.02558246715278 6.49548619513421 -14.2735595982391 11.4245428948538 -29.7584420436522 -21.1512084091023 8.33861837434961 -1.4434688170357 9.21337865550378 -1.55834231863431 -15.996400757023 2.75921237340523 -1.117575524372 312.647341912524 16.8742529750758 31.2168333954506 -6.32150945088685 -19.5691396149225 -12.3285723983788 14.3413951098304 -34.4446324599798 11.0464432787818 5.13453425523731 -35.3451856676689 11.8834949094169 -25.7979758574932 8.38075064198815 13.5852760230931 4.3206973750852 12.6903406939624 8.78545428292541 -26.4083226136527 16.5743909149196 -8.66734280790605 12.9731495928879 7.9064698113074 15.7792818200562 -18.9906913796309 27.1666965906198 23.8540264288624 11.6941488471106 6.92116529238111 -14.8521805071921 16.4475675611744 -13.6149863633592 9.14517596214289 22.6306892987647 5.87101111981911 -8.76265520241039 -9.06646701147254 -10.098934037365 -28.3690388395117 21.9184106120452 7.92625498274329 1.43874439614908 -1.60531775094284 -35.8467281300842 -10.828719763997 -21.414791526292 24.5822343030355 9.81416305617602 10.9453099434928 17.5335248433648 48.9292370177605 26.034797284366 -13.3621255780527 -10.7263557953178 -5.29374444476363 2.47627905495415 15.7564803833364 12.1263117098546 13.7495202027837 5.69025227193462 2.96672447357316 -37.9243698770159 4.03944659524049 -18.2644021123743 22.9634224427156 -22.0403045605656 33.3487207095433 2.58060946169703 5.21354489667689 -12.7774480571391 -12.8666561766905 -14.4407820163114 6.49065033047484 -37.1970747948059 13.3865195845458 -5.97791490819654 10.9587252694509 7.57412054828561 5.07539965463508 26.0508554999238 -8.99555187122471 7.51913862758031 1.91071840800018 -9.42295244283011 5.63453946294645
-17.0223240954454 -18.8418124290302 -4.25801963655457 -3.34331036922153 28.1748073243443 2.82862761132009 10.0105971826368 -1.9259055257786 -10.4991253849848 2.88678803016038 -3.82616468052266 -2.25359458768921 19.8327287257541 1.19101772024958 -16.3670160092266 16.8742529750758 276.275130091259 12.1722017724872 -5.35031212948621 8.54584156983413 4.46991737709279 29.9769491957347 -25.7454865450895 11.3086100243403 6.39549742406228 -19.5803101494601 3.93888253615122 6.85656523399706 -12.4768810254227 27.3517994579492 -29.251124609188 -12.4195342704539 18.4733806620826 -35.8794702227019 -9.43341849320202 16.3223589763021 -7.3324450443598 -10.2330523532 -38.6452706926911 -28.528901159437 15.2543170715628 19.0926622028723 -3.24113286917716 -22.2343822956389 -15.2807810845179 -11.1799376277576 -0.117540751048661 2.59718557506904 -11.1357295763779 -5.1327674784111 30.9428705660656 10.6828803525057 18.9346622709266 11.3985763622445 21.6684001462113 -24.1811429179849 -19.398990410951 13.9648870455678 -3.20804066448818 1.0196484182246 30.4600161686153 -5.36490447050919 14.7504280039204 -13.2758946214752 37.0835242141907 -1.55947836942126 6.27285731399987 0.639442323129402 2.63147918338924 15.4235185595901 -9.24065498705436 -5.06752180267028 18.0768101087387 -9.4425997058614 42.9782684447646 -5.69254800012572 44.6406341032644 -8.16121007136165 17.1301249740096 -27.6959012030186 -11.9138332735865 3.30519282245778 -1.28026099757367 -3.60312359356074 4.68380085127486 14.381221550176 -13.7689142276288 -23.6819687200338 13.3453737440541 14.623017830369 21.0547358663269 -19.3161327795948 -9.09728037833591 -11.0080804130206 -41.3188583172022 7.51899623455108 -19.8374676486731 -7.64153784636286 2.93393359215987 1.63596001876232
-28.9625656024464 -4.76930125886588 -13.8718027368878 -12.2801084425566 -4.50070435175035 -33.6125059466817 -13.7607855173628 4.83714099268382 1.77221865215824 32.6565837156943 -9.8992633962419 -43.977595100249 10.896347425463 15.639599980977 6.91572876776267 31.2168333954506 12.1722017724872 355.044608873898 -23.3578888231598 -3.03192183456186 23.3135597950961 21.1922441755903 -11.8483312602428 21.0924596182952 -12.1911941010795 -26.78368221242 9.92173786066613 -5.71340872684087 30.8150453902095 26.7473192173261 -27.9764796027383 6.95725159324584 -11.7215602767141 13.3703737781154 -18.8103988713323 3.84684453927528 13.2163672527412 10.5352274326322 17.7030282769241 -1.27317713201283 -29.9815562807541 -24.371757864476 -0.0856692843660731 16.2514468603187 2.8802161840368 17.0295653579695 3.97218558167111 -8.83689701869316 -0.40294731449731 -6.72632374844238 -5.99032684705816 -21.7101145141087 -47.8337688374883 -4.08632772164501 -28.5916414230522 -16.9072888265277 -6.63670574364019 -3.65976331087554 -16.6884580617466 -10.9472002176531 26.16785554185 2.09743120870717 17.3145246377042 14.2775728650143 15.0090105972788 -19.2509861432331 8.76949448067563 -30.948606091515 -17.0506118333234 -16.2176836396586 9.69874903828499 20.7102677259167 16.0979058699562 -5.87530432674729 10.1625279203953 30.8477051940446 -5.47979072866296 -16.7484526149877 2.92285663012746 26.4071291301672 -7.881038428645 1.36005463201697 -4.99837612340358 9.60988745226744 -1.80698267742543 -4.18873564066548 -1.31166936588906 2.94375475792546 -44.0800086668914 11.0539502696366 -4.71922717602602 19.851938036233 -32.3623266212755 0.46903847601506 9.91782059900103 29.397415021142 -3.16245100838729 20.9139251004671 16.4799532628587 -23.132135221958
-4.11888305942774 2.01203095631801 0.18424788009645 24.4964820171209 -18.1680100898996 -5.0664190690023 -10.5602248824122 14.4386136242831 8.63454598683409 -6.32201355367629 17.8167730284931 -1.71058470643241 -9.86188720479827 20.1819287775869 19.6494115658932 -6.32150945088685 -5.35031212948621 -23.3578888231598 311.175112472599 13.3839133296265 -1.31847600832489 -22.6826242597472 -32.3754734153941 5.99849121455917 -21.6094949046971 -9.88345416719871 -4.0782821435323 -0.325488769070542 -34.3520312930261 14.5649784874819 0.0589590759393843 -8.55165642820008 0.0552236015029024 25.1675599230013 0.612469011860695 10.2188721571518 11.5999117384043 -21.025479156631 -9.2450348067299 -12.1200110142249 4.08927399904012 27.0308263996753 -22.5627275744986 19.1196627796395 -10.7698316041752 20.3358082226723 14.1416685615097 -10.9085287409209 7.35721276193851 29.3014864520857 -10.2893756849539 -1.18182440464593 32.9618846919328 -1.9920230291856 7.21044519637053 0.633630328851228 16.8214862851475 -11.6038387618933 -10.1622484585833 2.70178462419835 8.85545444418717 -26.6882284471258 20.3225599073231 22.0399930899781 3.18970754860373 -0.179287578026249 -6.73193428275818 3.72625933312003 21.443208790404 -4.27893879128249 -20.2858791143994 7.70016979670727 -12.5516823928651 -0.211777957036433 33.3284424458018 -13.0386026722049 12.0532432029826 10.3806744272536 -17.7265865130872 -34.4179448906288 20.3459016123677 -21.2496789480219 -3.16253102953336 6.03066427953945 1.48758393823751 35.1551206610373 8.09255484093609 -24.3265227873972 15.7405474140277 -1.77212299590599 2.75710637078267 -6.31242566966573 2.93736483983971 -9.11450260632133 48.4747709584754 10.1641681145186 -9.49301033030085 20.0495460409281 -2.08666645760564 -5.05413523151392
11.0652559063915 6.61088961805598 0.417469716410372 22.4893191139714 -11.2242736475205 8.44389627118366 24.2876760762175 -6.01331389396332 -25.8968921662089 -13.4682600519705 28.327194599528 14.7587160854199 -3.25653777775002 -8.38082171768385 25.8068912050056 -19.5691396149225 8.54584156983413 -3.03192183456186 13.3839133296265 263.302665731696 -2.66100022776863 6.71404204047965 22.1626261349431 7.99086710325541 13.3131901612248 -19.7937531940557 -52.492111593984 15.8388053172707 -6.20555499814783 0.176163987425208 -13.855407301605 -0.518805972899353 -17.9838251118687 -2.26723108852394 -0.541680141960053 6.75530769270664 26.8016990802443 -15.8641990558604 -2.48418872801386 -12.1704931007722 2.23060272460716 -17.780662718372 42.5779412919666 -13.0343124312425 14.9623718680326 5.25121565757124 2.48223307910773 -3.6827947874829 8.7823627433389 -3.05379965035477 2.17695106756987 22.8180011524219 -17.5709320852295 -25.2742029961218 8.5678484975925 14.0096246028417 13.8433907490831 12.6058898044981 19.102709331707 7.48404930060203 8.58833739151621 0.248718763182627 21.3677389989769 22.4712396159506 13.5961430316384 22.0433146512306 -3.40076442933615 -41.284105190647 2.42541258561992 10.4659597316261 -1.88256830368484 -0.959609546912648 -9.31053061576796 -32.9491176879863 27.9547137109123 -7.67828636664486 14.9470892427599 5.8358061612959 -17.0537808346716 -8.38839141441691 -6.24675924701609 1.37141328569967 -20.6909621175044 33.6408168422863 -6.14182621500238 5.13140814995716 -4.99145981629357 -4.29424092499006 10.9650562105914 16.3329847645471 11.7807924541241 14.6688903548199 21.5447084441013 6.26173645928615 -4.88510243159267 -6.15732847164114 -20.0840059882178 -3.084131725736 -12.8170245419073 5.74165638205618
-15.9987409657384 15.2493285110497 -3.28111068120109 -10.6918077631679 -10.5256907977122 5.65872979880878 19.4452771061497 -0.609680366496794 6.88864287091363 -7.73740762119558 2.42303670893877 10.2556207390624 -15.2891529100742 -11.4375302421395 -7.79905045706489 -12.3285723983788 4.46991737709279 23.3135597950961 -1.31847600832489 -2.66100022776863 332.251646063514 30.7144110731119 -35.1341071707737 5.96168032421799 -13.8336249006319 0.927551313413773 -25.9566890581212 6.57192375934561 14.5745719100313 -16.0740056636383 -4.87110691043172 -4.1513223052434 13.4743273607242 -16.4886764504433 31.8753472841447 -26.299837743849 -7.3910035461314 -7.26735560763476 -7.02489615129443 -0.0311317249784082 -11.4940000491691 3.48666596812017 4.02435282366827 -5.6665356716768 10.8081864453783 -37.5354390154945 -6.11211185463334 11.9044720129597 -0.184983035642955 -26.3038075459863 -1.2534127050522 7.84503611247729 -14.4264515479202 -8.4222049432852 -6.04495157277741 -31.4561281121454 4.49242661587035 6.28377080205632 27.5348122913903 27.4401615246585 -8.92107197704186 -15.2291669146715 -9.27666917355849 4.75605450215817 4.39457939779743 18.4750243729008 -29.7072191214253 -20.662425169586 -0.669068989015798 -13.2822901475002 -35.6459500814497 -0.871770565851365 18.2890097230379 -31.1702582248261 -6.08744396979496 6.86451020125087 -27.9056994759119 -6.40043110695303 -1.47156511518643 -1.9868189318316 4.33028623740977 -9.9973806233775 -3.78657436522961 28.6034350299137 27.0015491192917 23.0366533851756 30.9684818554908 -23.0371603352018 28.7088237821242 -5.88184216425828 3.49024073656125 -11.6001183180886 1.18810001003292 -5.93820578414299 -24.3897820794313 -28.1730886865641 6.02416479087176 -33.8303354098377 -15.7609726891497 38.3183882891352
15.2096417659535 1.93509459415633 20.4659087875516 -20.4080166803925 5.48289405761567 32.6357394254784 1.3499843976975 12.8962562059908 -18.0747837271171 13.9753504880607 7.52344854409774 0.896739692960257 -7.56980081963259 1.59817285283164 -10.0880855636877 14.3413951098304 29.9769491957347 21.1922441755903 -22.6826242597472 6.71404204047965 30.7144110731119 319.572651778584 -17.0081315466561 -8.17758758699792 8.13749578014285 -0.36025657170852 35.0590381689164 -11.11136840219 -7.73023736496703 -0.22299471970028 -22.8090303092319 8.67804347063939 -3.96836073357405 -34.1246340854547 -9.909068700196 -0.240130857074167 -8.0810348318981 -40.2054147920311 -24.188873933991 -13.2884964304492 -0.431744544086033 -2.05362233700783 9.24501369823951 -3.1282805324485 4.96251914191688 11.8714402060738 -13.597087156916 -1.8168717125496 -0.24955675655998 -26.5861245499404 24.9186023356819 11.2623179482855 -15.5236952766586 -14.8451430461133 -6.84205808874457 -4.29265599305278 4.8911575601164 -13.0647826593185 -4.20992425724459 -28.9286436803634 -9.26749540049349 23.0485962093429 -9.10620752679704 -0.474349987273909 31.9919760692742 -17.7161315223428 5.29164978205817 0.217821244741171 -3.98231582781647 36.4729386806811 -1.15975091114639 8.08214000202717 -27.8411202517624 -14.2659464158257 -27.8531046577468 8.8644211421502 23.5852786744823 -36.3074639354623 7.61434043483383 -28.8904844067477 -12.633402024281 32.8022974185694 25.8709301615328 12.9188863722384 24.8346095454244 26.1193387146836 -3.15662782001962 -4.74402725523529 33.0265392390692 -5.76340011452931 3.81225682429112 28.7668062442376 8.9663929347489 -12.253563952002 17.8918378809956 -37.721254416421 -19.660303758999 -0.077596740158536 -20.6544601156984 19.5226480139906
